0.5861
0.5837
0.5842
0.5853
0.5824
0.5834
0.5807
0.5819
0.5817
0.5788
0.5808
0.5807
0.5787
0.5778
0.5760
0.5774
0.5773
0.5758
0.5757
0.5774
0.5752
0.5740
0.5733
0.5743
0.5735
0.5774
0.5752
0.5750
0.5752
0.5742
0.5750
0.5752
0.5748
0.5720
0.5729
0.5715
0.5681
0.5670
0.5668
0.5683
0.5670
0.5614
0.5606
0.5571
0.5585
0.5574
0.5557
0.5527
0.5526
0.5534
0.5476
0.5452
0.5346
0.5330
0.5347
0.5357
0.5323
0.5282
0.5285
0.5260
0.5190
0.5178
0.5105
0.5095
0.5116
0.5076
0.5080
0.5060
0.5173
0.5303
0.5336
0.5348
0.5323
0.5295
0.5392
0.5420
0.5399
0.5406
0.5395
0.5506
0.5502
0.5519
0.5578
0.5571
0.5553
0.5551
0.5490
0.5578
0.5582
0.5604
0.5568
0.5530
0.5606
0.5584
0.5573
0.5572
0.5566
0.5540
0.5564
0.5586
0.5589
0.5640
0.5675
0.5638
0.5591
0.5621
0.5604
0.5643
0.5624
0.5641
0.5651
0.5677
0.5672
0.5666
0.5698
0.5711
0.5638
0.5667
0.5669
0.5654
0.5657
0.5651
0.5651
0.5653
0.5676
0.5688
0.5669
0.5682
0.5689
0.5702
0.5752
0.5748
0.5753
0.5752
0.5734
0.5727
0.5708
0.5750
0.5728
0.5730
0.5747
0.5747
0.5753
0.5759
0.5756
0.5713
0.5662
0.5615
0.5596
0.5592
0.5640
0.5649
0.5640
0.5607
0.5605
0.5606
0.5624
0.5609
0.5596
0.5587
0.5547
0.5555
0.5563
0.5535
0.5552
0.5540
0.5566
0.5560
0.5593
0.5592
0.5614
0.5632
0.5618
0.5604
0.5625
0.5614
0.5623
0.5624
0.5614
0.5599
0.5603
0.5608
0.5559
0.5580
0.5536
0.5537
0.5551
0.5554
0.5535
0.5511
0.5511
0.5529
0.5512
0.5551
0.5548
0.5544
0.5543
0.5543
0.5543
0.5487
0.5484
0.5451
0.5411
0.5377
0.5350
0.5364
0.5360
0.5359
0.5316
0.5285
0.5310
0.5252
0.5238
0.5231
0.5157
0.5123
0.5133
0.5298
0.5274
0.5267
0.5235
0.5185
0.5235
0.5271
0.5219
0.5211
0.5221
0.5222
0.5186
0.5195
0.5149
0.5130
0.5154
0.5138
0.5111
0.5095
0.5017
0.4975
0.4945
0.4992
0.5000
0.4990
0.5050
0.5025
0.5078
0.5104
0.5136
0.5144
0.5128
0.5121
0.5095
0.5062
0.5076
0.5165
0.5154
0.5117
0.5070
0.5039
0.5022
0.5021
0.5020
0.4950
0.4990
0.4988
0.5018
0.4969
0.4960
0.4908
0.4854
0.4831
0.4811
0.4761
0.4681
0.4694
0.4708
0.4720
0.4628
0.4681
0.4670
0.4674
0.4634
0.4564
0.4498
0.4604
0.4604
0.4732
0.4796
0.4688
0.4759
0.4727
0.4708
0.4697
0.4625
0.4688
0.4677
0.4670
0.4690
0.4733
0.4710
0.4721
0.4733
0.4743
0.4775
0.4812
0.4897
0.4847
0.4844
0.4812
0.4790
0.4789
0.4686
0.4710
0.4836
0.4739
0.4772
0.4711
0.4698
0.4631
0.4706
0.4672
0.4671
0.4641
0.4627
0.4605
0.4568
0.4570
0.4566
0.4596
0.4597
0.4614
0.4595
0.4574
0.4571
0.4546
0.4531
0.4515
0.4541
0.4468
0.4428
0.4425
0.4411
0.4435
0.4371
0.4370
0.4340
0.4348
0.4321
0.4349
0.4319
0.4372
0.4318
0.4319
0.4280
0.4288
0.4308
0.4290
0.4253
0.4240
0.4207
0.4146
0.4132
0.4135
0.4184
0.4201
0.4161
0.4182
0.4273
0.4258
0.4251
0.4212
0.4214
0.4250
0.4216
0.4228
0.4171
0.4192
0.4178
0.4168
0.4147
0.4147
0.4142
0.4081
0.4079
0.4046
0.4084
0.4101
0.4099
0.4120
0.4159
0.4130
0.4117
0.4078
0.4065
0.4099
0.4085
0.4105
0.4084
0.4073
0.4065
0.4066
0.4035
0.3937
0.3968
0.3987
0.3966
0.3943
0.3883
0.3929
0.3971
0.3961
0.3952
0.4015
0.3995
0.4034
0.4032
0.4092
0.4016
0.4006
0.4056
0.4032
0.4082
0.4062
0.4079
0.4125
0.4139
0.4145
0.4098
0.4136
0.4146
0.4177
0.4239
0.4290
0.4341
0.4347
0.4432
0.4468
0.4378
0.4332
0.4329
0.4278
0.4342
0.4307
0.4310
0.4304
0.4375
0.4486
0.4438
0.4496
0.4549
0.4552
0.4482
0.4514
0.4468
0.4468
0.4473
0.4440
0.4391
0.4398
0.4397
0.4324
0.4343
0.4350
0.4424
0.4484
0.4478
0.4528
0.4508
0.4495
0.4502
0.4519
0.4484
0.4513
0.4515
0.4454
0.4458
0.4486
0.4436
0.4429
0.4441
0.4494
0.4478
0.4533
0.4536
0.4492
0.4509
0.4483
0.4486
0.4466
0.4451
0.4450
0.4442
0.4400
0.4401
0.4422
0.4391
0.4391
0.4385
0.4381
0.4409
0.4398
0.4415
0.4399
0.4407
0.4439
0.4466
0.4471
0.4443
0.4438
0.4420
0.4422
0.4363
0.4376
0.4329
0.4341
0.4321
0.4363
0.4345
0.4337
0.4337
0.4321
0.4290
0.4317
0.4301
0.4290
0.4306
0.4246
0.4245
0.4243
0.4269
0.4268
0.4228
0.4222
0.4231
0.4213
0.4192
0.4188
0.4172
0.4231
0.4234
0.4258
0.4229
0.4229
0.4207
0.4175
0.4193
0.4220
0.4214
0.4246
0.4263
0.4241
0.4222
0.4245
0.4210
0.4206
0.4225
0.4204
0.4212
0.4202
0.4204
0.4168
0.4204
0.4180
0.4180
0.4174
0.4151
0.4140
0.4142
0.4166
0.4171
0.4142
0.4144
0.4142
0.4132
0.4129
0.4137
0.4142
0.4135
0.4126
0.4136
0.4151
0.4169
0.4175
0.4171
0.4194
0.4213
0.4231
0.4242
0.4278
0.4290
0.4273
0.4281
0.4323
0.4354
0.4383
0.4357
0.4388
0.4367
0.4324
0.4329
0.4301
0.4321
0.4304
0.4336
0.4344
0.4345
0.4326
0.4275
0.4279
0.4257
0.4208
0.4235
0.4231
0.4231
0.4211
0.4154
0.4151
0.4140
0.4197
0.4129
0.4129
0.4101
0.4072
0.4052
0.4057
0.4034
0.4071
0.4035
0.4033
0.4025
0.4077
0.4051
0.4070
0.4040
0.3992
0.3995
0.4000
0.4019
0.4033
0.4016
0.4008
0.4006
0.4069
0.4042
0.4083
0.4096
0.4124
0.4177
0.4133
0.4117
0.4051
0.4051
0.4061
0.4120
0.4076
0.4045
0.4016
0.3980
0.3994
0.3969
0.3960
0.3998
0.3985
0.3971
0.4008
0.4003
0.4065
0.4079
0.4091
0.4132
0.4107
0.4083
0.4035
0.3980
0.4006
0.4032
0.4061
0.4036
0.4032
0.4022
0.4008
0.3984
0.3985
0.3976
0.3969
0.3995
0.4001
0.3996
0.4000
0.4000
0.3979
0.3984
0.3949
0.3959
0.3951
0.3958
0.3947
0.3907
0.3930
0.3906
0.3981
0.3975
0.3996
0.3992
0.3958
0.3986
0.3969
0.3961
0.3951
0.3958
0.3935
0.3920
0.3930
0.3919
0.3921
0.3895
0.3927
0.3918
0.3893
0.3885
0.3871
0.3860
0.3878
0.3868
0.3853
0.3865
0.3866
0.3887
0.3887
0.3909
0.3935
0.3912
0.3937
0.3969
0.4001
0.4014
0.4062
0.4050
0.4108
0.4110
0.4146
0.4114
0.4084
0.4087
0.4076
0.4033
0.4089
0.4087
0.4154
0.4142
0.4133
0.4171
0.4161
0.4173
0.4173
0.4205
0.4218
0.4208
0.4198
0.4205
0.4223
0.4255
0.4271
0.4253
0.4282
0.4281
0.4237
0.4255
0.4259
0.4245
0.4217
0.4171
0.4100
0.4133
0.4076
0.4068
0.4125
0.4100
0.4103
0.4111
0.4040
0.4032
0.4042
0.4036
0.4038
0.4095
0.4080
0.4133
0.4155
0.4152
0.4171
0.4157
0.4187
0.4170
0.4166
0.4116
0.4137
0.4127
0.4142
0.4088
0.4098
0.4127
0.4130
0.4177
0.4191
0.4151
0.4159
0.4188
0.4169
0.4213
0.4191
0.4214
0.4185
0.4192
0.4139
0.4146
0.4135
0.4126
0.4125
0.4116
0.4113
0.4119
0.4116
0.4120
0.4135
0.4149
0.4134
0.4133
0.4123
0.4120
0.4120
0.4095
0.4110
0.4102
0.4066
0.4071
0.4074
0.4071
0.4093
0.4089
0.4088
0.4065
0.4065
0.4060
0.4059
0.4080
0.4095
0.4094
0.4106
0.4107
0.4104
0.4105
0.4093
0.4071
0.4060
0.4068
0.4045
0.4036
0.4020
0.4033
0.4008
0.4016
0.4001
0.3979
0.3941
0.3913
0.3934
0.3929
0.3908
0.3895
0.3886
0.3899
0.3913
0.3924
0.3904
0.3891
0.3922
0.3906
0.3924
0.3946
0.3951
0.3955
0.3977
0.3934
0.3937
0.3924
0.3935
0.3922
0.3889
0.3900
0.3896
0.3886
0.3867
0.3858
0.3871
0.3859
0.3846
0.3858
0.3866
0.3891
0.3863
0.3850
0.3845
0.3827
0.3814
0.3784
0.3766
0.3723
0.3762
0.3756
0.3736
0.3720
0.3722
0.3705
0.3671
0.3665
0.3705
0.3726
0.3737
0.3802
0.3785
0.3783
0.3817
0.3787
0.3780
0.3764
0.3718
0.3734
0.3709
0.3721
0.3698
0.3748
0.3715
0.3734
0.3725
0.3759
0.3746
0.3727
0.3732
0.3734
0.3739
0.3764
0.3740
0.3746
0.3743
0.3779
0.3780
0.3787
0.3776
0.3790
0.3805
0.3810
0.3838
0.3870
0.3869
0.3897
0.3847
0.3821
0.3835
0.3849
0.3868
0.3859
0.3849
0.3870
0.3844
0.3845
0.3838
0.3822
0.3819
0.3813
0.3781
0.3776
0.3780
0.3763
0.3743
0.3734
0.3730
0.3756
0.3771
0.3738
0.3739
0.3712
0.3718
0.3695
0.3703
0.3711
0.3696
0.3683
0.3675
0.3707
0.3717
0.3696
0.3680
0.3651
0.3661
0.3657
0.3651
0.3644
0.3621
0.3612
0.3616
0.3615
0.3602
0.3612
0.3607
0.3616
0.3621
0.3627
0.3636
0.3642
0.3681
0.3666
0.3608
0.3582
0.3563
0.3546
0.3515
0.3536
0.3526
0.3531
0.3571
0.3581
0.3556
0.3568
0.3582
0.3546
0.3546
0.3537
0.3554
0.3547
0.3553
0.3549
0.3557
0.3586
0.3641
0.3657
0.3621
0.3627
0.3644
0.3649
0.3645
0.3656
0.3707
0.3720
0.3734
0.3726
0.3723
0.3755
0.3773
0.3803
0.3835
0.3829
0.3824
0.3863
0.3862
0.3885
0.3939
0.3887
0.3897
0.3868
0.3851
0.3888
0.3868
0.3855
0.3800
0.3806
0.3790
0.3800
0.3782
0.3812
0.3861
0.3855
0.3887
0.3858
0.3869
0.3812
0.3827
0.3834
0.3792
0.3819
0.3805
0.3813
0.3826
0.3813
0.3788
0.3790
0.3796
0.3782
0.3755
0.3751
0.3725
0.3735
0.3699
0.3691
0.3679
0.3654
0.3677
0.3702
0.3646
0.3594
0.3602
0.3586
0.3599
0.3599
0.3637
0.3656
0.3642
0.3606
0.3605
0.3624
0.3657
0.3610
0.3689
0.3676
0.3639
0.3657
0.3673
0.3729
0.3748
0.3723
0.3714
0.3703
0.3717
0.3682
0.3679
0.3681
0.3672
0.3637
0.3625
0.3617
0.3601
0.3595
0.3579
0.3568
0.3607
0.3577
0.3599
0.3591
0.3575
0.3546
0.3527
0.3524
0.3556
0.3519
0.3510
0.3503
0.3530
0.3531
0.3504
0.3496
0.3509
0.3494
0.3479
0.3487
0.3519
0.3491
0.3464
0.3459
0.3425
0.3451
0.3456
0.3495
0.3465
0.3419
0.3441
0.3475
0.3431
0.3466
0.3483
0.3503
0.3496
0.3496
0.3474
0.3452
0.3481
0.3480
0.3486
0.3461
0.3472
0.3468
0.3465
0.3460
0.3403
0.3383
0.3384
0.3340
0.3312
0.3335
0.3318
0.3303
0.3292
0.3244
0.3245
0.3226
0.3183
0.3281
0.3297
0.3254
0.3284
0.3299
0.3255
0.3271
0.3316
0.3285
0.3310
0.3276
0.3276
0.3238
0.3228
0.3206
0.3208
0.3173
0.3177
0.3189
0.3227
0.3257
0.3253
0.3301
0.3309
0.3314
0.3284
0.3259
0.3298
0.3311
0.3364
0.3403
0.3408
0.3408
0.3428
0.3399
0.3390
0.3390
0.3365
0.3377
0.3366
0.3368
0.3341
0.3327
0.3344
0.3290
0.3267
0.3258
0.3246
0.3245
0.3211
0.3235
0.3262
0.3228
0.3263
0.3233
0.3231
0.3234
0.3235
0.3218
0.3233
0.3236
0.3244
0.3215
0.3197
0.3213
0.3202
0.3192
0.3171
0.3188
0.3188
0.3168
0.3145
0.3169
0.3157
0.3184
0.3153
0.3169
0.3169
0.3154
0.3134
0.3145
0.3147
0.3158
0.3152
0.3146
0.3146
0.3153
0.3153
0.3162
0.3150
0.3155
0.3154
0.3130
0.3130
0.3108
0.3103
0.3094
0.3082
0.3058
0.3058
0.3037
0.3029
0.3067
0.3010
0.3001
0.2978
0.2943
0.2906
0.2933
0.3003
0.2970
0.2986
0.2955
0.2906
0.2957
0.2921
0.2944
0.3009
0.2981
0.2970
0.2958
0.2955
0.3018
0.3089
0.3060
0.3116
0.3104
0.3090
0.3130
0.3182
0.3202
0.3267
0.3194
0.3225
0.3183
0.3169
0.3192
0.3166
0.3189
0.3269
0.3265
0.3295
0.3321
0.3278
0.3350
0.3352
0.3287
0.3227
0.3218
0.3176
0.3191
0.3243
0.3205
0.3192
0.3148
0.3101
0.3090
0.3147
0.3147
0.3181
0.3229
0.3272
0.3277
0.3261
0.3227
0.3265
0.3265
0.3262
0.3243
0.3253
0.3224
0.3215
0.3258
0.3244
0.3284
0.3283
0.3255
0.3274
0.3268
0.3241
0.3241
0.3246
0.3230
0.3231
0.3265
0.3274
0.3335
0.3290
0.3246
0.3263
0.3268
0.3263
0.3276
0.3275
0.3297
0.3283
0.3289
0.3295
0.3331
0.3360
0.3371
0.3401
0.3416
0.3484
0.3485
0.3464
0.3518
0.3465
0.3457
0.3489
0.3474
0.3488
0.3481
0.3538
0.3517
0.3561
0.3590
0.3519
0.3544
0.3544
0.3503
0.3508
0.3534
0.3560
0.3608
0.3592
0.3597
0.3621
0.3627
0.3627
0.3599
0.3588
0.3618
0.3635
0.3611
0.3606
0.3606
0.3591
0.3547
0.3489
0.3509
0.3468
0.3419
0.3393
0.3390
0.3369
0.3393
0.3454
0.3481
0.3449
0.3429
0.3460
0.3518
0.3717
0.3684
0.3735
0.3728
0.3735
0.3724
0.3797
0.3769
0.3813
0.3831
0.3782
0.3767
0.3752
0.3760
0.3760
0.3760
0.3746
0.3741
0.3783
0.3804
0.3786
0.3792
0.3786
0.3762
0.3776
0.3787
0.3827
0.3796
0.3821
0.3852
0.3838
0.3827
0.3851
0.3791
0.3814
0.3814
0.3833
0.3812
0.3834
0.3813
0.3827
0.3835
0.3830
0.3877
0.3891
0.3894
0.3922
0.3929
0.3974
0.3966
0.3960
0.3974
0.3968
0.3955
0.3943
0.3923
0.3943
0.3966
0.3958
0.3978
0.3982
0.3964
0.3973
0.3985
0.3988
0.3996
0.3992
0.4056
0.4063
0.4095
0.4125
0.4055
0.4104
0.4092
0.4040
0.4100
0.4050
0.4046
0.4042
0.4071
0.4052
0.4056
0.4056
0.4061
0.4065
0.4093
0.4145
0.4181
0.4178
0.4173
0.4212
0.4193
0.4177
0.4145
0.4182
0.4164
0.4157
0.4201
0.4208
0.4230
0.4256
0.4266
0.4330
0.4327
0.4359
0.4350
0.4420
0.4447
0.4494
0.4510
0.4483
0.4515
0.4517
0.4396
0.4455
0.4470
0.4387
0.4419
0.4377
0.4373
0.4410
0.4450
0.4434
0.4422
0.4437
0.4446
0.4326
0.4259
0.4290
0.4289
0.4264
0.4256
0.4192
0.4197
0.4172
0.4184
0.4290
0.4272
0.4352
0.4335
0.4331
0.4326
0.4451
0.4486
0.4512
0.4559
0.4564
0.4588
0.4550
0.4629
0.4618
0.4592
0.4555
0.4491
0.4533
0.4564
0.4545
0.4599
0.4566
0.4569
0.4616
0.4547
0.4579
0.4553
0.4543
0.4533
0.4476
0.4407
0.4385
0.4385
0.4393
0.4359
0.4331
0.4295
0.4303
0.4406
0.4412
0.4478
0.4505
0.4448
0.4500
0.4530
0.4542
0.4544
0.4507
0.4467
0.4488
0.4474
0.4422
0.4495
0.4494
0.4487
0.4511
0.4541
0.4578
0.4575
0.4596
0.4606
0.4565
0.4598
0.4601
0.4612
0.4571
0.4608
0.4650
0.4659
0.4657
0.4689
0.4710
0.4708
0.4681
0.4676
0.4644
0.4734
0.4723
0.4732
0.4783
0.4793
0.4791
0.4770
0.4821
0.4826
0.4834
0.4846
0.4812
0.4834
0.4867
0.4852
0.4823
0.4885
0.4884
0.4898
0.4897
0.4897
0.4861
0.4887
0.4870
0.4926
0.4934
0.4922
0.4916
0.4875
0.4818
0.4840
0.4844
0.4777
0.4853
0.4881
0.4868
0.4939
0.5027
0.5032
0.4926
0.4868
0.4886
0.4887
0.4869
0.4951
0.4937
0.4951
0.4985
0.4986
0.5018
0.4995
0.5003
0.5000
0.5032
0.5052
0.5059
0.5055
0.5056
0.5064
0.5030
0.5037
0.5041
0.4968
0.4909
0.4892
0.4918
0.4938
0.4882
0.4852
0.4848
0.4855
0.4835
0.4849
0.4854
0.4888
0.4950
0.4967
0.4995
0.4856
0.4971
0.4985
0.4967
0.4941
0.4964
0.5035
0.5028
0.5067
0.5081
0.5055
0.5076
0.4993
0.4981
0.4970
0.4951
0.4977
0.4965
0.4976
0.4957
0.4946
0.4962
0.4983
0.5013
0.5056
0.5085
0.5086
0.5098
0.5140
0.5133
0.5202
0.5197
0.5178
0.5217
0.5185
0.5221
0.5212
0.5272
0.5336
0.5455
0.5445
0.5428
0.5537
0.5442
0.5431
0.5508
0.5499
0.5480
0.5561
0.5608
0.5578
0.5451
0.5529
0.5557
0.5509
0.5443
0.5367
0.5523
0.5505
0.5494
0.5464
0.5502
0.5494
0.5451
0.5460
0.5496
0.5433
0.5459
0.5476
0.5483
0.5473
0.5439
0.5464
0.5425
0.5452
0.5420
0.5376
0.5387
0.5372
0.5379
0.5399
0.5452
0.5451
0.5445
0.5452
0.5468
0.5502
0.5485
0.5455
0.5465
0.5503
0.5554
0.5526
0.5458
0.5512
0.5482
0.5473
0.5470
0.5462
0.5495
0.5521
0.5538
0.5569
0.5530
0.5523
0.5524
0.5486
0.5482
0.5535
0.5602
0.5575
0.5574
0.5589
0.5574
0.5629
0.5664
0.5635
0.5656
0.5619
0.5581
0.5583
0.5577
0.5577
0.5613
0.5625
0.5611
0.5646
0.5632
0.5627
