# Dow Jones
# Vir: finance.yahoo.com, pridobljeno 26. 5. 2016
Date             Open            High            Low             Close             Volume
5/26/2016        17859.52        17888.66        17803.82        17828.29        68937576
5/25/2016        17735.09        17891.71        17735.09        17851.51        79180000
5/24/2016        17525.19        17742.59        17525.19        17706.05        86480000
5/23/2016        17507.04        17550.70        17480.05        17492.93        87790000
5/20/2016        17437.32        17571.75        17437.32        17500.94       111990000
5/19/2016        17514.16        17514.16        17331.07        17435.40        95530000
5/18/2016        17501.28        17636.22        17418.21        17526.62        79120000
5/17/2016        17701.46        17701.46        17469.92        17529.98       103260000
5/16/2016        17531.76        17755.80        17531.76        17710.71        88440000
5/13/2016        17711.12        17734.74        17512.48        17535.32        86640000
5/12/2016        17711.12        17798.19        17625.38        17720.50        88560000
5/11/2016        17919.03        17919.03        17711.05        17711.12        87390000
5/10/2016        17726.66        17934.61        17726.66        17928.35        75790000
5/9/2016         17743.85        17783.16        17668.38        17705.91        85590000
5/6/2016         17650.30        17744.54        17580.38        17740.63        80020000
5/5/2016         17664.48        17736.11        17615.82        17660.71        81530000
5/4/2016         17735.02        17738.06        17609.01        17651.26        95020000
5/3/2016         17870.75        17870.75        17670.88        17750.91        97060000
5/2/2016         17783.78        17912.35        17773.71        17891.16        80100000
4/29/2016        17813.09        17814.83        17651.98        17773.64       136670000
4/28/2016        18023.88        18035.73        17796.55        17830.76       100920000
4/27/2016        17996.14        18084.66        17920.26        18041.55       109090000
4/26/2016        17987.38        18043.77        17934.17        17990.32        92570000
4/25/2016        17990.94        17990.94        17855.55        17977.24        83770000
4/22/2016        17985.05        18026.85        17909.89        18003.75       134120000
4/21/2016        18092.84        18107.29        17963.89        17982.52       102720000
4/20/2016        18059.49        18167.63        18031.21        18096.27       100210000
4/19/2016        18012.10        18103.46        17984.43        18053.60        89820000
4/18/2016        17890.20        18009.53        17848.22        18004.16        89390000
4/15/2016        17925.95        17937.65        17867.41        17897.46       118160000
4/14/2016        17912.25        17962.14        17885.44        17926.43        84510000
4/13/2016        17741.66        17918.35        17741.66        17908.28        91710000
4/12/2016        17571.34        17744.43        17553.57        17721.25        81020000
4/11/2016        17586.48        17731.63        17555.90        17556.41       107100000
4/8/2016         17555.39        17694.51        17528.16        17576.96        79990000
4/7/2016         17687.28        17687.28        17484.23        17541.96        90120000
4/6/2016         17605.45        17723.55        17542.54        17716.05        99410000
4/5/2016         17718.03        17718.03        17579.56        17603.32       115230000
4/4/2016         17799.39        17806.38        17710.67        17737.00        85230000
4/1/2016         17661.74        17811.48        17568.02        17792.75       104890000
3/31/2016        17716.05        17755.70        17669.72        17685.09       102600000
3/30/2016        17652.36        17790.11        17652.36        17716.66        79330000
3/29/2016        17512.58        17642.81        17434.27        17633.11        86160000
3/28/2016        17526.08        17583.81        17493.03        17535.39        70460000
3/24/2016        17485.33        17517.14        17399.01        17515.73        84100000
3/23/2016        17588.81        17588.81        17486.27        17502.59        84240000
3/22/2016        17602.71        17648.94        17540.42        17582.57        95450000
3/21/2016        17589.70        17644.97        17551.28        17623.87        84410000
3/18/2016        17481.49        17620.58        17481.49        17602.30       321230000
3/17/2016        17321.38        17529.01        17297.65        17481.49       117990000
3/16/2016        17249.34        17379.18        17204.07        17325.76       118710000
3/15/2016        17217.15        17251.70        17120.35        17251.53        92830000
3/14/2016        17207.49        17275.07        17161.16        17229.13        96350000
3/11/2016        17014.99        17220.09        17014.99        17213.31       123420000
3/10/2016        17006.05        17130.11        16821.86        16995.13       117570000
3/9/2016         16969.17        17048.50        16947.94        17000.36       116690000
3/8/2016         17050.67        17072.79        16921.51        16964.10       108380000
3/7/2016         16991.29        17099.25        16940.48        17073.95       100290000
3/4/2016         16945.00        17062.38        16898.84        17006.77       106910000
3/3/2016         16896.17        16944.31        16820.73        16943.90        91110000
3/2/2016         16851.17        16900.17        16766.32        16899.32       104470000
3/1/2016         16545.67        16865.56        16545.67        16865.08       105050000
2/29/2016        16634.15        16726.12        16510.40        16516.50       126220000
2/26/2016        16712.70        16795.98        16623.91        16639.97        98480000
2/25/2016        16504.38        16697.98        16458.42        16697.29        94120000
2/24/2016        16418.84        16507.39        16165.86        16484.99        93620000
2/23/2016        16610.39        16610.39        16403.53        16431.78        98170000
2/22/2016        16417.13        16664.24        16417.13        16620.66       102240000
2/19/2016        16410.96        16410.96        16278.00        16391.99       134340000
2/18/2016        16483.76        16511.84        16390.43        16413.43       104950000
2/17/2016        16217.98        16486.12        16217.98        16453.83       124080000
2/16/2016        16012.39        16196.41        16012.39        16196.41       142030000
2/12/2016        15691.62        15974.04        15691.62        15973.84       132550000
2/11/2016        15897.82        15897.82        15503.01        15660.18       172070000
2/10/2016        16035.61        16201.89        15899.91        15914.74       122290000
2/9/2016         16005.41        16136.62        15881.11        16014.38       127740000
2/8/2016         16147.51        16147.51        15803.55        16027.05       165880000
2/5/2016         16417.95        16423.63        16129.81        16204.97       139010000
2/4/2016         16329.67        16485.84        16266.16        16416.58       131490000
2/3/2016         16186.20        16381.69        15960.45        16336.66       141870000
2/2/2016         16420.21        16420.21        16108.44        16153.54       126210000
2/1/2016         16453.63        16510.98        16299.47        16449.18       114450000
1/29/2016        16090.26        16466.30        16090.26        16466.30       217940000
1/28/2016        15960.28        16102.14        15863.72        16069.64       130120000
1/27/2016        16168.74        16235.03        15878.30        15944.46       138350000
1/26/2016        15893.16        16185.79        15893.16        16167.23       118210000
1/25/2016        16086.46        16086.46        15880.15        15885.22       123250000
1/22/2016        15921.10        16136.79        15921.10        16093.51       145850000
1/21/2016        15768.87        16038.59        15704.66        15882.68       145140000
1/20/2016        15989.45        15989.45        15450.56        15766.74       191870000
1/19/2016        16009.45        16171.96        15900.25        16016.02       144360000
1/15/2016        16354.33        16354.33        15842.11        15988.08       239210000
1/14/2016        16159.01        16482.05        16075.12        16379.05       158830000
1/13/2016        16526.63        16593.51        16123.20        16151.41       153530000
1/12/2016        16419.11        16591.35        16322.07        16516.22       117480000
1/11/2016        16358.71        16461.85        16232.03        16398.57       127790000
1/8/2016         16519.17        16651.89        16314.57        16346.45       141850000
1/7/2016         16888.36        16888.36        16463.63        16514.10       176240000
1/6/2016         17154.83        17154.83        16817.62        16906.51       120250000
1/5/2016         17147.50        17195.84        17038.61        17158.66       105750000
1/4/2016         17405.48        17405.48        16957.63        17148.94       148060000
12/31/2015       17590.66        17590.66        17421.16        17425.03        93690000
12/30/2015       17711.94        17714.13        17588.87        17603.87        59760000
12/29/2015       17547.37        17750.02        17547.37        17720.98        69860000
12/28/2015       17535.66        17536.90        17437.34        17528.27        59770000
12/24/2015       17593.26        17606.34        17543.95        17552.17        40350000
12/23/2015       17427.63        17607.92        17427.63        17602.61        92820000
12/22/2015       17253.55        17451.11        17242.86        17417.27        91570000
12/21/2015       17154.94        17272.36        17116.73        17251.62       114910000
12/18/2015       17495.04        17496.58        17124.31        17128.55       344560000
12/17/2015       17756.54        17796.76        17493.50        17495.84       115780000
12/16/2015       17530.85        17784.36        17483.68        17749.09       123790000
12/15/2015       17374.78        17627.63        17341.18        17524.91       123430000
12/14/2015       17277.11        17378.02        17138.47        17368.50       142540000
12/11/2015       17574.75        17574.75        17230.50        17265.21       134510000
12/10/2015       17493.17        17697.74        17474.66        17574.75       107310000
12/9/2015        17558.18        17767.69        17403.51        17492.30       122020000
12/8/2015        17703.99        17703.99        17485.39        17568.00       113720000
12/7/2015        17845.49        17845.49        17639.25        17730.51        99670000
12/4/2015        17482.68        17866.47        17482.68        17847.63       137650000
12/3/2015        17741.57        17780.59        17425.56        17477.67       126990000
12/2/2015        17883.14        17901.58        17708.20        17729.68       102860000
12/1/2015        17719.72        17895.50        17719.72        17888.35       103880000
11/30/2015       17802.84        17837.24        17719.79        17719.92       155560000
11/27/2015       17806.04        17830.36        17749.32        17813.39        82540000
11/25/2015       17820.81        17854.92        17801.83        17813.39        82540000
11/24/2015       17770.90        17862.60        17683.51        17812.19       127170000
11/23/2015       17823.61        17868.18        17751.53        17792.68       134680000
11/20/2015       17732.75        17914.34        17732.75        17823.81       153140000
11/19/2015       17739.83        17772.97        17681.98        17732.75       114630000
11/18/2015       17485.49        17752.16        17485.49        17737.16       106810000
11/17/2015       17486.99        17599.33        17451.41        17489.50       167190000
11/16/2015       17229.94        17483.01        17210.43        17483.01       137590000
11/13/2015       17439.25        17439.25        17238.89        17245.24       134640000
11/12/2015       17691.93        17691.93        17443.50        17448.07       113660000
11/11/2015       17769.50        17807.18        17696.91        17702.22        95230000
11/10/2015       17724.13        17768.66        17657.72        17758.21       108640000
11/9/2015        17900.78        17900.78        17667.78        17730.48       121210000
11/6/2015        17855.22        17912.04        17768.60        17910.33       107450000
11/5/2015        17871.25        17929.51        17779.19        17863.43        98910000
11/4/2015        17929.58        17964.12        17828.83        17867.58        99890000
11/3/2015        17819.74        17977.85        17796.02        17918.15        92290000
11/2/2015        17672.62        17845.90        17655.02        17828.76       100840000
10/30/2015       17756.60        17799.96        17662.87        17663.54       149250000
10/29/2015       17771.50        17786.00        17684.72        17755.80        90300000
10/28/2015       17586.69        17779.95        17556.71        17779.52       115630000
10/27/2015       17608.89        17635.18        17540.57        17581.43       113960000
10/26/2015       17649.57        17660.70        17602.51        17623.05       116660000
10/23/2015       17525.11        17679.37        17525.11        17646.70       158090000
10/22/2015       17180.88        17505.18        17180.88        17489.16       152420000
10/21/2015       17225.93        17314.99        17153.13        17168.61       107100000
10/20/2015       17228.47        17264.88        17147.99        17217.11       106670000
10/19/2015       17209.43        17235.95        17129.19        17230.54       118430000
10/16/2015       17141.75        17220.02        17107.35        17215.97       145880000
10/15/2015       16944.86        17144.42        16933.57        17141.75       122960000
10/14/2015       17079.08        17111.38        16887.67        16924.75       120110000
10/13/2015       17113.55        17172.81        17034.45        17081.89        99400000
10/12/2015       17082.29        17139.21        17064.58        17131.86        72500000
10/9/2015        17054.69        17110.88        17027.23        17084.49       103730000
10/8/2015        16904.17        17081.28        16859.34        17050.75       100730000
10/7/2015        16805.42        16963.30        16765.00        16912.29       115690000
10/6/2015        16774.02        16865.09        16746.03        16790.19       120010000
10/5/2015        16502.10        16798.37        16502.10        16776.43       127660000
10/2/2015        16258.25        16472.77        16013.66        16472.37       136890000
10/1/2015        16278.62        16348.87        16073.82        16272.01       111420000
9/30/2015        16057.08        16297.60        16057.08        16284.70       145740000
9/29/2015        16001.76        16118.89        15942.37        16049.13       121160000
9/28/2015        16313.26        16313.26        15981.85        16001.89       139930000
9/25/2015        16205.07        16465.23        16205.07        16314.67       130790000
9/24/2015        16257.11        16257.11        16016.36        16201.32       122220000
9/23/2015        16332.81        16355.29        16211.98        16279.89        86030000
9/22/2015        16477.45        16477.45        16221.73        16330.47       119010000
9/21/2015        16406.10        16578.60        16391.88        16510.19        90730000
9/18/2015        16674.74        16674.74        16343.76        16384.58       341690000
9/17/2015        16738.08        16933.43        16639.93        16674.74       129600000
9/16/2015        16599.51        16755.98        16593.90        16739.95        99620000
9/15/2015        16382.58        16644.11        16382.58        16599.85        93050000
9/14/2015        16450.86        16450.86        16330.87        16370.96        92660000
9/11/2015        16330.40        16434.76        16244.65        16433.09       104630000
9/10/2015        16252.57        16441.94        16212.08        16330.40       122690000
9/9/2015         16505.04        16664.65        16220.10        16253.57       118790000
9/8/2015         16109.93        16503.41        16109.93        16492.68       123870000
9/4/2015         16371.76        16371.76        16026.61        16102.38       127270000
9/3/2015         16364.34        16550.07        16317.31        16374.76       109730000
9/2/2015         16058.35        16352.58        16058.35        16351.38       133480000
9/1/2015         16528.03        16528.03        15979.95        16058.35       171390000
8/31/2015        16632.02        16632.02        16444.05        16528.03       141440000
8/28/2015        16649.42        16669.97        16535.18        16643.01       131790000
8/27/2015        16285.51        16666.69        16285.51        16654.77       171980000
8/26/2015        15676.26        16303.75        15676.26        16285.51       208420000
8/25/2015        15882.27        16312.94        15651.24        15666.44       213220000
8/24/2015        16459.75        16459.75        15370.33        15871.35       293920000
8/21/2015        16990.69        16990.69        16459.55        16459.75       225170000
8/20/2015        17345.32        17345.32        16990.69        16990.69       128530000
8/19/2015        17508.74        17517.19        17282.42        17348.73       104720000
8/18/2015        17537.30        17568.40        17486.42        17511.34        79900000
8/17/2015        17472.66        17551.40        17341.72        17545.18        73380000
8/14/2015        17410.12        17492.90        17394.06        17477.40        82120000
8/13/2015        17401.64        17481.78        17341.34        17408.25        88550000
8/12/2015        17382.93        17423.90        17125.81        17402.51       120400000
8/11/2015        17593.59        17593.59        17352.63        17402.84       103010000
8/10/2015        17375.18        17629.13        17375.18        17615.17        92430000
8/7/2015         17414.94        17414.94        17279.08        17373.38        81800000
8/6/2015         17542.61        17572.04        17362.86        17419.75        96170000
8/5/2015         17555.24        17661.37        17492.90        17540.47       102450000
8/4/2015         17596.93        17635.78        17505.50        17550.69        99060000
8/3/2015         17696.74        17704.76        17496.61        17598.20        87880000
7/31/2015        17755.87        17783.59        17671.59        17689.86       106120000
7/30/2015        17743.24        17761.25        17640.85        17745.98        76650000
7/29/2015        17631.40        17776.78        17629.20        17751.39        93140000
7/28/2015        17449.81        17650.07        17449.81        17630.27       103450000
7/27/2015        17561.78        17561.78        17399.17        17440.59       117860000
7/24/2015        17731.05        17756.54        17553.73        17568.53       103470000
7/23/2015        17853.78        17860.95        17705.03        17731.92        88600000
7/22/2015        17918.35        17919.35        17807.41        17851.04       112370000
7/21/2015        18096.67        18096.67        17868.34        17919.29       100170000
7/20/2015        18085.91        18137.12        18064.50        18100.41        75060000
7/17/2015        18117.58        18121.12        18032.06        18086.45       106510000
7/16/2015        18078.16        18131.61        18065.33        18120.25        85030000
7/15/2015        18053.38        18090.39        18010.15        18050.17        80460000
7/14/2015        17974.61        18072.82        17956.17        18053.58        76740000
7/13/2015        17787.27        17987.57        17787.27        17977.68        86380000
7/10/2015        17561.12        17797.49        17561.12        17760.41        85800000
7/9/2015         17530.38        17764.85        17530.38        17548.62       100520000
7/8/2015         17759.01        17759.01        17496.22        17515.42        69830000
7/7/2015         17684.92        17793.45        17465.68        17776.91       105840000
7/6/2015         17728.08        17734.36        17564.36        17683.58        90130000
7/2/2015         17763.32        17825.49        17687.52        17730.11        83080000
7/1/2015         17638.12        17801.83        17638.12        17757.91        87010000
6/30/2015        17599.96        17714.66        17576.50        17619.51       126460000
6/29/2015        17936.74        17936.74        17590.55        17596.35       116340000
6/26/2015        17892.03        18013.15        17892.03        17946.68       158120000
6/25/2015        17977.11        18036.10        17890.36        17890.36        78990000
6/24/2015        18139.10        18139.10        17966.07        17966.07       104980000
6/23/2015        18121.78        18188.81        18108.10        18144.07        75970000
6/22/2015        18027.63        18181.67        18027.63        18119.78        77780000
6/19/2015        18116.24        18117.71        18010.58        18015.95       258300000
6/18/2015        17944.61        18174.73        17944.61        18115.84        94460000
6/17/2015        17909.58        17998.00        17839.65        17935.74        92410000
6/16/2015        17787.43        17919.62        17774.12        17904.48        77510000
6/15/2015        17890.76        17890.76        17698.42        17791.17        91920000
6/12/2015        18035.83        18035.83        17857.07        17898.84        83760000
6/11/2015        18001.27        18109.77        18001.27        18039.37        89490000
6/10/2015        17765.38        18045.14        17765.38        18000.40        96980000
6/9/2015         17766.95        17817.83        17714.97        17764.04        90550000
6/8/2015         17849.46        17852.35        17760.61        17766.55        86300000
6/5/2015         17905.38        17940.78        17822.90        17849.46        89140000
6/4/2015         18072.47        18087.15        17876.95        17905.58        93470000
6/3/2015         18018.42        18168.09        18010.42        18076.27        73120000
6/2/2015         18033.33        18091.87        17925.33        18011.94        77550000
6/1/2015         18017.82        18105.83        17982.06        18040.37        85640000
5/29/2015        18128.12        18128.12        17967.74        18010.68       139810000
5/28/2015        18154.14        18154.14        18066.40        18126.12        67510000
5/27/2015        18045.08        18190.35        18045.08        18162.99        96400000
