1960    7996000
1961    8491000
1962    7374000
1963    7172000
1964    8347000
1965    8905000
1966    9089000
1967    7841000
1968    8290000
1969    8329000
1970   10663000
1971   14076000
1972   14339000
1973   19565000
1974   37626000
1975   31986000
1976   27989000
1977   35143000
1978   45106000
1979   41335000
1980   48822000
1981   55493000
1982   56639000
1983   47645000
1984   63443000
1985   75952000
1986   86663000
1987  105468000
1988  130355000
1989  141257000
1990  179639958
1991  137477784
1992  165365637
1993  139906189
1994  169665415
1995  249286346
1996  320462000
1997  275327000
1998  264164343
1999  312310418
2000  277187983
2001  230481153
2002  354158383
2003  498470053
2004  630196991
2005  684851274
2006  773679770
2007  912516437
2008 1100085973
2009  837284420
2010  856364112
2011  943586762
2012  970112401
2013  998718267
